[gd_scene load_steps=7 format=3 uid="uid://dbesseyf3k6mg"]

[ext_resource type="ArrayMesh" uid="uid://coawvkyfii6ko" path="res://assets/gltf/PlushieCharacter/GodotPlushie_godot_plush.res" id="1_gc74h"]
[ext_resource type="Animation" uid="uid://6j0conlp8xtq" path="res://assets/gltf/PlushieCharacter/Idle.res" id="2_jpwg6"]
[ext_resource type="Animation" uid="uid://chlj4ibta0qxd" path="res://assets/gltf/PlushieCharacter/TPose.res" id="3_excnd"]
[ext_resource type="Animation" uid="uid://d3l8kg6rbo22k" path="res://assets/gltf/PlushieCharacter/Walk.res" id="4_eeov1"]

[sub_resource type="Skin" id="Skin_3iuba"]
resource_name = "Skin"
bind_count = 28
bind/0/name = &"Root"
bind/0/bone = -1
bind/0/pose = Transform3D(-1, 0, 0, 0, 0, 1, 0, 1, 0, 0, 0, 0)
bind/1/name = &"Hips"
bind/1/bone = -1
bind/1/pose = Transform3D(1, 0, 3.01202e-06, 0, 1, 0, -3.01202e-06, 0, 1, -7.59292e-09, -0.605495, -0.00252087)
bind/2/name = &"LeftUpperLeg"
bind/2/bone = -1
bind/2/pose = Transform3D(-0.112575, 0.185797, 0.976118, 0.0882484, -0.976611, 0.196069, 0.989718, 0.108214, 0.093547, -0.124087, 0.529789, -0.328104)
bind/3/name = &"LeftLowerLeg"
bind/3/bone = -1
bind/3/pose = Transform3D(-0.0760559, -0.15576, 0.984863, 0.121145, -0.98185, -0.145928, 0.989718, 0.108214, 0.0935467, 0.00789599, 0.388522, -0.328104)
bind/4/name = &"LeftFoot"
bind/4/bone = -1
bind/4/pose = Transform3D(-0.998845, -0.00439331, -0.0478884, -0.0378616, -0.542104, 0.839458, -0.0296467, 0.8403, 0.541311, 0.29745, 0.119226, -0.271594)
bind/5/name = &"LeftToes"
bind/5/bone = -1
bind/5/pose = Transform3D(0.998538, 5.21542e-08, 0.0540848, -0.0322122, -0.803289, 0.594719, 0.0434437, -0.595591, -0.802113, -0.298675, -0.0651496, 0.314794)
bind/6/name = &"LeftLowerLeg_twist_01"
bind/6/bone = -1
bind/6/pose = Transform3D(-0.0760557, -0.15576, 0.984863, 0.121145, -0.98185, -0.145928, 0.989718, 0.108213, 0.0935465, 0.00789592, 0.325353, -0.328104)
bind/7/name = &"LeftUpperLeg_twist_01"
bind/7/bone = -1
bind/7/pose = Transform3D(-0.112574, 0.185798, 0.976118, 0.0882483, -0.976611, 0.196069, 0.989718, 0.108214, 0.0935467, -0.124087, 0.529789, -0.328104)
bind/8/name = &"RightUpperLeg"
bind/8/bone = -1
bind/8/pose = Transform3D(-0.112575, -0.185797, -0.976118, -0.0882485, -0.976611, 0.196069, -0.989718, 0.108214, 0.0935468, 0.124087, 0.529789, -0.328104)
bind/9/name = &"RightLowerLeg"
bind/9/bone = -1
bind/9/pose = Transform3D(-0.0760559, 0.15576, -0.984863, -0.121145, -0.98185, -0.145928, -0.989718, 0.108214, 0.0935466, -0.007896, 0.388522, -0.328104)
bind/10/name = &"RightFoot"
bind/10/bone = -1
bind/10/pose = Transform3D(-0.998845, 0.00439316, 0.0478883, 0.0378617, -0.542104, 0.839458, 0.0296467, 0.8403, 0.541312, -0.29745, 0.119226, -0.271594)
bind/11/name = &"RightToes"
bind/11/bone = -1
bind/11/pose = Transform3D(0.998538, -1.00583e-07, -0.0540849, 0.0322122, -0.803288, 0.594719, -0.043444, -0.595591, -0.802113, 0.298675, -0.0651496, 0.314794)
bind/12/name = &"RightLowerLeg_twist_01"
bind/12/bone = -1
bind/12/pose = Transform3D(-0.0760557, 0.15576, -0.984863, -0.121145, -0.98185, -0.145928, -0.989718, 0.108213, 0.0935463, -0.00789593, 0.325353, -0.328104)
bind/13/name = &"RightUpperLeg_twist_01"
bind/13/bone = -1
bind/13/pose = Transform3D(-0.112574, -0.185798, -0.976118, -0.0882483, -0.976611, 0.196069, -0.989718, 0.108214, 0.0935466, 0.124087, 0.529789, -0.328104)
bind/14/name = &"Neck"
bind/14/bone = -1
bind/14/pose = Transform3D(0.99991, -0.00177625, -0.0133341, 0, 0.991244, -0.132044, 0.0134519, 0.132032, 0.991154, 0.00155577, -0.870879, -0.115644)
bind/15/name = &"Head"
bind/15/bone = -1
bind/15/pose = Transform3D(1, -2.33845e-10, 6.80462e-05, 1.01397e-12, 1, -1.49012e-08, -6.80462e-05, -1.49011e-08, 1, 9.13845e-07, -0.976665, 0.0134265)
bind/16/name = &"RightShoulder"
bind/16/bone = -1
bind/16/pose = Transform3D(0.655622, -0.00159961, -0.755087, -0.755074, 0.00496287, -0.655621, 0.00479613, 0.999987, 0.00204586, 0.35127, -0.146625, -0.819766)
bind/17/name = &"RightUpperArm"
bind/17/bone = -1
bind/17/pose = Transform3D(0.321966, -0.36764, -0.872456, -0.776797, -0.629386, -0.0214504, -0.541226, 0.684627, -0.488222, 0.471869, 0.0987109, -0.857061)
bind/18/name = &"RightLowerArm"
bind/18/bone = -1
bind/18/pose = Transform3D(0.178933, -0.473544, -0.862403, -0.821619, -0.554114, 0.133792, -0.541226, 0.684627, -0.488222, 0.46193, -0.0973126, -0.857061)
bind/19/name = &"RightHand"
bind/19/bone = -1
bind/19/pose = Transform3D(0.0985466, -0.0497401, -0.993889, -0.716098, -0.697065, -0.0361177, -0.691009, 0.715281, -0.104312, 0.115479, -0.0465193, -0.990964)
bind/20/name = &"RightLowerArm_twist_01"
bind/20/bone = -1
bind/20/pose = Transform3D(-0.0555606, -0.155745, -0.986234, -0.821619, -0.554114, 0.133792, -0.567323, 0.817742, -0.0971763, 0.0752996, -0.159985, -0.970703)
bind/21/name = &"RightUpperArm_twist_01"
bind/21/bone = -1
bind/21/pose = Transform3D(0.321965, -0.367639, -0.872456, -0.776797, -0.629386, -0.0214504, -0.541226, 0.684627, -0.488222, 0.471869, 0.0987106, -0.857062)
bind/22/name = &"LeftShoulder"
bind/22/bone = -1
bind/22/pose = Transform3D(0.655622, 0.00159957, 0.755087, 0.755074, 0.00496283, -0.655621, -0.00479607, 0.999986, 0.00204592, -0.351269, -0.146624, -0.819766)
bind/23/name = &"LeftUpperArm"
bind/23/bone = -1
bind/23/pose = Transform3D(0.321966, 0.36764, 0.872456, 0.776797, -0.629386, -0.0214504, 0.541226, 0.684627, -0.488222, -0.471869, 0.0987108, -0.857061)
bind/24/name = &"LeftLowerArm"
bind/24/bone = -1
bind/24/pose = Transform3D(0.178933, 0.473544, 0.862403, 0.821619, -0.554114, 0.133792, 0.541226, 0.684627, -0.488222, -0.46193, -0.0973127, -0.857061)
bind/25/name = &"LeftHand"
bind/25/bone = -1
bind/25/pose = Transform3D(0.0985466, 0.0497401, 0.993888, 0.716098, -0.697065, -0.0361176, 0.691008, 0.715281, -0.104312, -0.115479, -0.0465194, -0.990964)
bind/26/name = &"LeftLowerArm_twist_01"
bind/26/bone = -1
bind/26/pose = Transform3D(-0.0555606, 0.155745, 0.986233, 0.821619, -0.554113, 0.133792, 0.567323, 0.817742, -0.0971762, -0.0752995, -0.159985, -0.970703)
bind/27/name = &"LeftUpperArm_twist_01"
bind/27/bone = -1
bind/27/pose = Transform3D(0.321965, 0.367639, 0.872456, 0.776797, -0.629386, -0.0214504, 0.541226, 0.684627, -0.488222, -0.471868, 0.0987104, -0.857062)

[sub_resource type="AnimationLibrary" id="AnimationLibrary_mbqqu"]
_data = {
"Idle": ExtResource("2_jpwg6"),
"TPose": ExtResource("3_excnd"),
"Walk": ExtResource("4_eeov1")
}

[node name="GodotPlushie" type="Node3D"]
transform = Transform3D(1, 0, 0, 0, 1, 0, 0, 0, 1, 0.859169, 0, -2.68915)

[node name="Visual" type="Node3D" parent="."]

[node name="Skeleton3D" type="Skeleton3D" parent="Visual"]
bones/0/name = "Root"
bones/0/parent = -1
bones/0/rest = Transform3D(-1, 0, 0, 0, 0, 1, 0, 1, 0, 0, 0, 0)
bones/0/enabled = true
bones/0/position = Vector3(0, 0, 0)
bones/0/rotation = Quaternion(0, 0.707107, 0.707107, 0)
bones/0/scale = Vector3(1, 1, 1)
bones/1/name = "Hips"
bones/1/parent = 0
bones/1/rest = Transform3D(-1, 0, 3.01202e-06, 3.01202e-06, 0, 1, 0, 1, 0, 0, 0.00252087, 0.605495)
bones/1/enabled = true
bones/1/position = Vector3(-0.00555066, 0.134304, 0.468779)
bones/1/rotation = Quaternion(2.70056e-06, 0.65259, 0.757711, 2.2472e-06)
bones/1/scale = Vector3(1, 1, 1)
bones/2/name = "LeftUpperLeg"
bones/2/parent = 1
bones/2/rest = Transform3D(-0.112572, 0.0882493, 0.989715, 0.185797, -0.976611, 0.108213, 0.976118, 0.196068, 0.0935427, 0.264007, -0.0295371, 0.0454192)
bones/2/enabled = true
bones/2/position = Vector3(0.264007, -0.0295371, 0.0454192)
bones/2/rotation = Quaternion(0.665042, -0.228906, 0.70423, -0.0968556)
bones/2/scale = Vector3(1, 1, 0.999998)
bones/3/name = "LeftLowerLeg"
bones/3/parent = 2
bones/3/rest = Transform3D(0.940964, -0.338506, -3.59731e-07, 0.338506, 0.940964, 4.44917e-07, 1.87887e-07, -5.40422e-07, 1, -1.86265e-08, 0.161531, 3.39933e-08)
bones/3/enabled = true
bones/3/position = Vector3(-1.86265e-08, 0.161531, 3.39933e-08)
bones/3/rotation = Quaternion(-6.96795e-08, 1.20066e-08, 0.488695, 0.872455)
bones/3/scale = Vector3(1, 1, 1)
bones/4/name = "LeftFoot"
bones/4/parent = 3
bones/4/rest = Transform3D(0.0294903, 0.914068, 0.404487, -0.109704, 0.405178, -0.907632, -0.993527, -0.0176077, 0.112226, -9.31323e-10, 0.126338, 2.32831e-08)
bones/4/enabled = true
bones/4/position = Vector3(-9.31323e-10, 0.126338, 2.32831e-08)
bones/4/rotation = Quaternion(0.683602, 0.113818, -0.596055, 0.405527)
bones/4/scale = Vector3(1, 1, 1)
bones/5/name = "LeftToes"
bones/5/parent = 4
bones/5/rest = Transform3D(-0.999971, 0.00722403, -0.00236694, 0.00759481, 0.935926, -0.352112, -0.000328391, -0.35212, -0.935955, 1.86847e-08, 0.293312, 9.31323e-10)
bones/5/enabled = true
bones/5/position = Vector3(1.86847e-08, 0.293312, 9.31323e-10)
bones/5/rotation = Quaternion(0.00376533, 0.983851, -0.178949, -0.000518844)
bones/5/scale = Vector3(1, 1, 1)
bones/6/name = "LeftLowerLeg_twist_01"
bones/6/parent = 3
bones/6/rest = Transform3D(1, 8.84759e-09, -2.08616e-07, -8.84754e-09, 1, 2.39816e-07, 2.08616e-07, -2.39816e-07, 1, -6.51926e-09, 0.0631691, 3.49246e-08)
bones/6/enabled = true
bones/6/position = Vector3(-6.51926e-09, 0.0631691, 3.49246e-08)
bones/6/rotation = Quaternion(7.05556e-08, -0.269098, 4.03354e-08, 0.963113)
bones/6/scale = Vector3(1, 1, 1)
bones/7/name = "LeftUpperLeg_twist_01"
bones/7/parent = 2
bones/7/rest = Transform3D(1, 1.58325e-08, -2.84985e-07, -1.58325e-08, 1, 1.53668e-07, 2.84985e-07, -1.53668e-07, 1, -1.67638e-08, 1.18278e-07, 3.58559e-08)
bones/7/enabled = true
bones/7/position = Vector3(-1.67638e-08, 1.18278e-07, 3.58559e-08)
bones/7/rotation = Quaternion(-4.60347e-08, 0.0217105, -1.87519e-08, 0.999764)
bones/7/scale = Vector3(1, 1, 1)
bones/8/name = "RightUpperLeg"
bones/8/parent = 1
bones/8/rest = Transform3D(-0.112578, -0.0882481, -0.989715, -0.185797, -0.976611, 0.108213, -0.976117, 0.196069, 0.0935488, -0.264007, -0.0295371, 0.0454207)
bones/8/enabled = true
bones/8/position = Vector3(-0.264007, -0.0295371, 0.0454207)
bones/8/rotation = Quaternion(-0.680241, -0.185064, 0.681059, 0.197946)
bones/8/scale = Vector3(1, 1, 0.999998)
bones/9/name = "RightLowerLeg"
bones/9/parent = 8
bones/9/rest = Transform3D(0.940964, 0.338506, 3.12385e-07, -0.338506, 0.940964, 4.32062e-07, -1.47688e-07, -5.12299e-07, 1, 0, 0.161531, -1.21072e-08)
bones/9/enabled = true
bones/9/position = Vector3(0, 0.161531, -1.21072e-08)
bones/9/rotation = Quaternion(-1.17357e-07, 1.54982e-07, -0.445562, 0.895251)
bones/9/scale = Vector3(1, 1, 1)
bones/10/name = "RightFoot"
bones/10/parent = 9
bones/10/rest = Transform3D(0.0294901, -0.914068, -0.404487, 0.109704, 0.405178, -0.907632, 0.993527, -0.0176078, 0.112226, 4.65661e-09, 0.126338, -1.72295e-08)
bones/10/enabled = true
bones/10/position = Vector3(4.65661e-09, 0.126338, -1.72295e-08)
bones/10/rotation = Quaternion(0.630422, -0.219125, 0.660558, 0.343825)
bones/10/scale = Vector3(1, 1, 1)
bones/11/name = "RightToes"
bones/11/parent = 10
bones/11/rest = Transform3D(-0.999971, -0.00722396, 0.00236716, -0.00759482, 0.935927, -0.352112, 0.000328155, -0.35212, -0.935955, -3.20142e-09, 0.293312, 3.44589e-08)
bones/11/enabled = true
bones/11/position = Vector3(-3.20142e-09, 0.293312, 3.44589e-08)
bones/11/rotation = Quaternion(-0.00376545, 0.983851, -0.178948, 0.00051866)
bones/11/scale = Vector3(1, 1, 1)
bones/12/name = "RightLowerLeg_twist_01"
bones/12/parent = 9
bones/12/rest = Transform3D(1, -1.86267e-09, 1.99303e-07, 1.86262e-09, 1, 2.2864e-07, -1.99303e-07, -2.2864e-07, 1, 1.02445e-08, 0.0631691, -3.25963e-09)
bones/12/enabled = true
bones/12/position = Vector3(1.02445e-08, 0.0631691, -3.25963e-09)
bones/12/rotation = Quaternion(4.18409e-08, 0.0955394, 5.59056e-08, 0.995426)
bones/12/scale = Vector3(1, 1, 1)
bones/13/name = "RightUpperLeg_twist_01"
bones/13/parent = 8
bones/13/rest = Transform3D(1, -7.26432e-08, 2.59839e-07, 7.26431e-08, 1, 1.91852e-07, -2.59839e-07, -1.91852e-07, 1, 3.72529e-09, 7.63685e-08, -4.19095e-09)
bones/13/enabled = true
bones/13/position = Vector3(3.72529e-09, 7.63685e-08, -4.19095e-09)
bones/13/rotation = Quaternion(-2.45006e-08, -0.0377006, 9.1371e-09, 0.999289)
bones/13/scale = Vector3(1, 1, 1)
bones/14/name = "Neck"
bones/14/parent = 1
bones/14/rest = Transform3D(0.999909, -3.97675e-07, 0.0134549, -0.00177625, 0.991244, 0.132032, -0.0133372, -0.132044, 0.991154, -8.65631e-09, 0.27303, -0.00287392)
bones/14/enabled = true
bones/14/position = Vector3(-8.65631e-09, 0.27303, -0.00287392)
bones/14/rotation = Quaternion(-0.145319, 0.00299649, -0.0326249, 0.988842)
bones/14/scale = Vector3(1, 1, 1)
bones/15/name = "Head"
bones/15/parent = 14
bones/15/rest = Transform3D(0.999909, -0.00177625, -0.0134022, -8.98523e-06, 0.991244, -0.132044, 0.0135194, 0.132032, 0.991153, 6.2704e-11, 0.0990079, 5.588e-09)
bones/15/enabled = true
bones/15/position = Vector3(6.2704e-11, 0.0990079, 5.588e-09)
bones/15/rotation = Quaternion(0.178559, -0.0131257, 0.0107017, 0.983784)
bones/15/scale = Vector3(1, 1, 1)
bones/16/name = "RightShoulder"
bones/16/parent = 1
bones/16/rest = Transform3D(0.65562, -0.755076, 0.00479615, -0.00159967, 0.00496286, 0.999986, -0.755089, -0.655619, 0.00204587, -0.33708, 0.21555, 0.168266)
bones/16/enabled = true
bones/16/position = Vector3(-0.33708, 0.21555, 0.168266)
bones/16/rotation = Quaternion(-0.678277, 0.198936, 0.217712, 0.673028)
bones/16/scale = Vector3(1, 1, 1)
bones/17/name = "RightUpperArm"
bones/17/parent = 16
bones/17/rest = Transform3D(0.870456, -0.492082, 0.0127156, 0.327068, 0.597478, 0.732152, -0.367876, -0.633147, 0.681023, -1.62981e-09, 0.267564, 1.24055e-09)
bones/17/enabled = true
bones/17/position = Vector3(-1.62981e-09, 0.267564, 1.24055e-09)
bones/17/rotation = Quaternion(-0.165382, -0.344161, 0.333694, 0.861888)
bones/17/scale = Vector3(1, 1, 1)
bones/18/name = "RightLowerArm"
bones/18/parent = 17
bones/18/rest = Transform3D(0.984112, -0.177546, -1.11475e-07, 0.177546, 0.984112, 7.07598e-08, 9.7141e-08, -8.94276e-08, 1, 4.61005e-08, 0.112463, 5.58794e-09)
bones/18/enabled = true
bones/18/position = Vector3(4.61005e-08, 0.112463, 5.58794e-09)
bones/18/rotation = Quaternion(2.29606e-07, -1.75171e-07, 0.484539, 0.87477)
bones/18/scale = Vector3(1, 1, 1)
bones/19/name = "RightHand"
bones/19/parent = 18
bones/19/rest = Transform3D(0.89832, 0.233105, -0.372402, -0.18638, 0.96978, 0.157443, 0.397849, -0.0720255, 0.914619, -1.11759e-08, 0.125344, -1.07102e-08)
bones/19/enabled = true
bones/19/position = Vector3(-1.11759e-08, 0.125344, -1.07102e-08)
bones/19/rotation = Quaternion(-0.0118507, -0.0686494, 0.123519, 0.989894)
bones/19/scale = Vector3(1, 1, 1)
bones/20/name = "RightLowerArm_twist_01"
bones/20/parent = 18
bones/20/rest = Transform3D(0.914341, -2.41953e-07, -0.404945, 7.46963e-08, 1, -4.28837e-07, 0.404945, 3.61856e-07, 0.914341, 1.22236e-08, 0.062672, -3.24799e-08)
bones/20/enabled = true
bones/20/position = Vector3(1.22236e-08, 0.062672, -3.24799e-08)
bones/20/rotation = Quaternion(1.9915e-07, -0.0844992, 1.04805e-08, 0.996424)
bones/20/scale = Vector3(1, 1, 1)
bones/21/name = "RightUpperArm_twist_01"
bones/21/parent = 17
bones/21/rest = Transform3D(1, -1.53668e-07, -6.55651e-07, 1.53668e-07, 1, -2.65893e-07, 6.55651e-07, 2.65893e-07, 1, 4.14439e-08, -5.37766e-08, 1.83936e-08)
bones/21/enabled = true
bones/21/position = Vector3(4.14439e-08, -5.37766e-08, 1.83936e-08)
bones/21/rotation = Quaternion(3.34636e-07, 0.482867, -1.73289e-07, 0.875694)
bones/21/scale = Vector3(1, 1, 1)
bones/22/name = "LeftShoulder"
bones/22/parent = 1
bones/22/rest = Transform3D(0.655625, 0.755072, -0.00479606, 0.00159952, 0.0049628, 0.999986, 0.755085, -0.655623, 0.00204599, 0.337081, 0.21555, 0.168264)
bones/22/enabled = true
bones/22/position = Vector3(0.337081, 0.21555, 0.168264)
bones/22/rotation = Quaternion(-0.69351, -0.22887, -0.199576, 0.653324)
bones/22/scale = Vector3(1, 1, 1)
bones/23/name = "LeftUpperArm"
bones/23/parent = 22
bones/23/rest = Transform3D(0.870456, 0.492082, -0.0127157, -0.327068, 0.597478, 0.732152, 0.367876, -0.633147, 0.681023, -1.46683e-08, 0.267564, 3.23316e-08)
bones/23/enabled = true
bones/23/position = Vector3(-1.46683e-08, 0.267564, 3.23316e-08)
bones/23/rotation = Quaternion(-0.377282, 0.209943, -0.123883, 0.89344)
bones/23/scale = Vector3(1, 1, 1)
bones/24/name = "LeftLowerArm"
bones/24/parent = 23
bones/24/rest = Transform3D(0.984112, 0.177546, 1.37169e-07, -0.177546, 0.984112, -1.97847e-08, -1.38502e-07, -4.88351e-09, 1, 2.23517e-08, 0.112463, 1.69966e-08)
bones/24/enabled = true
bones/24/position = Vector3(2.23517e-08, 0.112463, 1.69966e-08)
bones/24/rotation = Quaternion(8.32485e-07, 5.38733e-07, -0.471326, 0.881959)
bones/24/scale = Vector3(1, 1, 1)
bones/25/name = "LeftHand"
bones/25/parent = 24
bones/25/rest = Transform3D(0.89832, -0.233105, 0.372402, 0.18638, 0.96978, 0.157443, -0.397849, -0.0720256, 0.914619, 1.02445e-08, 0.125344, -2.23517e-08)
bones/25/enabled = true
bones/25/position = Vector3(1.02445e-08, 0.125344, -2.23517e-08)
bones/25/rotation = Quaternion(-0.126211, 0.127085, -0.0836999, 0.980263)
bones/25/scale = Vector3(1, 1, 1)
bones/26/name = "LeftLowerArm_twist_01"
bones/26/parent = 24
bones/26/rest = Transform3D(0.914341, 2.69625e-07, 0.404945, -1.32707e-07, 1, -3.66188e-07, -0.404945, 2.81082e-07, 0.914341, -4.08618e-08, 0.062672, -4.59841e-08)
bones/26/enabled = true
bones/26/position = Vector3(-4.08618e-08, 0.062672, -4.59841e-08)
bones/26/rotation = Quaternion(-1.1184e-07, 0.109912, 1.07117e-07, 0.993941)
bones/26/scale = Vector3(1, 1, 1)
bones/27/name = "LeftUpperArm_twist_01"
bones/27/parent = 23
bones/27/rest = Transform3D(1, 1.97441e-07, 7.52509e-07, -1.9744e-07, 1, -3.12459e-07, -7.52509e-07, 3.12459e-07, 1, 3.25963e-08, 2.12967e-08, 2.70084e-08)
bones/27/enabled = true
bones/27/position = Vector3(3.25963e-08, 2.12967e-08, 2.70084e-08)
bones/27/rotation = Quaternion(2.67903e-08, -0.143116, 4.69308e-07, 0.989706)
bones/27/scale = Vector3(1, 1, 1)

[node name="godot_plush" type="MeshInstance3D" parent="Visual/Skeleton3D"]
mesh = ExtResource("1_gc74h")
skin = SubResource("Skin_3iuba")

[node name="AnimationPlayer" type="AnimationPlayer" parent="."]
libraries = {
"": SubResource("AnimationLibrary_mbqqu")
}
